NUM_SERVIDORES=2
NUM_CLIENTES=6
MSJ_CLIENTES
3
10
5
12
3
42
1
2
12
34
44
23
422
432
3
10
5
12
3
42
1
2
12
34
44
23
422
432
3
10
5
12
3
42
1
2
12
34
44
23
422
432
3
10
5
12
3
42
1
2
12
34
44
23
422
432
3
10
5
12
3
42
1
2
12
34
44
23
422
432
3
10
5
12
3
42
1
2
12
34
44
23
422
432
3
10
5
12
3
42
1
2
12
34
44
23
422
432
3
10
5
12
3
42
1
2
12
34
44
23
422
432
3
10
5
12
3
42
1
2
12
34
44
23
422
432
3
10
5
12
3
42
1
2
12
34
44
23
422
432
3
10
5
12
3
42
1
2
12
34
44
23
422
432
3
10
5
12
3
42
1
2
12
34
44
23
422
432
3
10
5
12
3
42
1
2
12
34
44
23
422
432
